X:1149.5999755859375
Y:158.39999389648438
